      0/19     1.31G    0.1081   0.09794   0.07182    0.2779        26       640  0.006196    0.1708  0.001992 0.0004309   0.08441   0.06117   0.07024
      1/19     1.61G   0.07518   0.09617   0.06684    0.2382        29       640    0.0683    0.7361     0.183   0.07819   0.04986   0.03906   0.06333
      2/19     1.61G    0.0609   0.07279    0.0619    0.1956        21       640    0.1178    0.6268    0.2298    0.0843   0.05879   0.03016   0.05967
      3/19     1.61G   0.06098   0.06772    0.0597    0.1884        90       640    0.1479    0.6889    0.3716    0.1911   0.03694   0.02847   0.05824
      4/19     1.61G   0.05575     0.062   0.05874    0.1765        14       640    0.4097    0.4335    0.3586     0.152   0.04865   0.02673   0.05688
      5/19     1.61G   0.05378   0.05585   0.05708    0.1667        13       640    0.3006    0.4348     0.439    0.1594    0.0568   0.02579   0.05369
      6/19     1.61G   0.05145   0.06003   0.05518    0.1667        14       640    0.2958    0.5883    0.4979     0.267   0.04106   0.02557   0.05142
      7/19     1.61G   0.05124   0.05784   0.05246    0.1615        36       640    0.4085    0.5147    0.5082    0.2472   0.04272   0.02434   0.04738
      8/19     1.61G    0.0509   0.05918   0.04893     0.159        20       640    0.3312      0.79    0.5386    0.2923   0.05039    0.0247   0.04402
      9/19     1.61G    0.0493    0.0549   0.04566    0.1499        54       640    0.7633    0.4761    0.6138     0.332   0.04262   0.02455   0.04018
     10/19     1.61G    0.0494   0.05666   0.04277    0.1488        19       640    0.2606    0.7721    0.5966     0.334   0.04417   0.02592   0.03816
     11/19     1.61G   0.04375   0.05738   0.04096    0.1421        86       640     0.351    0.8496     0.703    0.4375   0.03494   0.02343   0.03674
     12/19     1.61G   0.04374   0.05736   0.03924    0.1403        26       640    0.4282     0.781    0.7116    0.4022   0.03665   0.02373   0.03528
     13/19     1.61G   0.03982   0.05708   0.03634    0.1332        20       640     0.626    0.7592    0.7718    0.4541   0.03457   0.02302    0.0326
     14/19     1.61G   0.04043   0.05813   0.03501    0.1336        22       640    0.5438    0.8431    0.7753    0.4514   0.03374   0.02255   0.03075
     15/19     1.61G   0.03731   0.05521   0.03282    0.1253         4       640    0.6104    0.8164    0.8222    0.5292   0.03052   0.02286   0.02921
     16/19     1.61G   0.03357   0.04888   0.03167    0.1141        16       640    0.6375     0.861    0.8404    0.5978   0.02527   0.02172   0.02742
     17/19     1.61G   0.03223   0.05268   0.02935    0.1143        15       640    0.8081    0.7428    0.8175    0.5713   0.02342   0.02127    0.0263
     18/19     1.61G   0.02929   0.05026   0.02834    0.1079        35       640    0.6628    0.8516    0.8324    0.5688   0.02404   0.02082   0.02517
     19/19     1.61G   0.02948   0.05158   0.02709    0.1081        55       640    0.8499    0.7159    0.8436    0.5249   0.02894   0.02162   0.02356
